     0/2   7328/7328     0.113     0.135       1.1     0.133      1.48       111     0.933      0.556      0.584      0.574
     1/2   7328/7328     0.112     0.132      1.03     0.126       1.4       111     0.952      0.553      0.579      0.571
     2/2   7328/7328     0.111     0.129     0.947     0.118      1.31       111     0.912       0.55      0.576      0.568
     0/2   7328/7328     0.112     0.132      1.03     0.126       1.4       111     0.879      0.552      0.579       0.57
     1/2   7328/7328     0.111     0.129     0.952     0.119      1.31       111      0.96       0.55      0.576      0.568
     2/2   7328/7328     0.111     0.127     0.864     0.112      1.21       111     0.894      0.545       0.57      0.564
     0/2   7328/7328     0.112      0.13     0.948     0.119      1.31       111      1.08      0.549      0.574      0.567
     1/2   7328/7328     0.111     0.127     0.867     0.113      1.22       111      1.04      0.544      0.569      0.563
     2/2   7328/7328     0.111     0.125     0.779     0.106      1.12       111     0.952      0.543      0.568      0.562
     0/2   7328/7328     0.112     0.128     0.869     0.113      1.22       111     0.897      0.543      0.569      0.562
     1/2   7328/7328     0.111     0.125     0.783     0.107      1.13       111     0.906       0.54      0.566       0.56
     2/2   7328/7328     0.111     0.123     0.698     0.101      1.03       111      0.98      0.537      0.563      0.557
     0/2   7328/7328     0.112     0.126     0.798     0.108      1.14       111     0.883      0.539      0.565      0.559
     1/2   7328/7328     0.111     0.123     0.706     0.103      1.04       111     0.865      0.536      0.562      0.556
     2/2   7328/7328      0.11     0.121     0.629    0.0958     0.956       111      1.05      0.533      0.558      0.554
